67.0
12.0
8.0
8.0
24.0
21.0
113.0
341.0
1849.0
975.0
228.0
318.0
438.0
156.0
175.0
222.0
170.0
280.0
495.0
299.0
301.0
350.0
192.0
114.0
56.0
33.0
20.0
0.0
15.0
33.0
89.0
349.0
1956.0
929.0
303.0
315.0
459.0
205.0
213.0
186.0
178.0
367.0
633.0
406.0
411.0
447.0
299.0
129.0
72.0
32.0
5.0
19.0
10.0
32.0
84.0
424.0
1954.0
881.0
202.0
298.0
366.0
160.0
225.0
179.0
172.0
355.0
620.0
374.0
485.0
442.0
261.0
124.0
26.0
41.0
13.0
11.0
25.0
12.0
45.0
119.0
206.0
175.0
220.0
212.0
189.0
189.0
207.0
273.0
249.0
257.0
331.0
294.0
335.0
307.0
251.0
87.0
31.0
10.0
21.0
1.0
