82.8055
83.999
66.0625
70.73849999999999
70.2385
63.8795
88.86999999999999
81.4625
77.869
82.345
77.066
77.449
78.773
90.1635
79.6785
85.451
90.5015
82.63999999999999
86.979
81.109
72.767
78.007
76.5575
76.213
90.24799999999999
79.1825
68.089
66.862
70.0545
71.254
88.5405
79.0235
72.811
82.8515
85.1725
74.2415
90.309
89.38550000000001
89.66499999999999
86.12700000000001
87.394
86.07900000000001
86.742
85.423
68.61
75.1195
70.4865
0.0
89.18849999999999
78.866
68.8205
72.17699999999999
71.8905
73.30600000000001
88.3115
80.64649999999999
82.12700000000001
83.41399999999999
85.09700000000001
88.1875
84.5035
86.66
89.702
86.2595
91.003
76.5085
87.429
72.94999999999999
67.3005
75.22749999999999
76.968
0.0
87.09900000000002
68.96900000000001
74.2495
78.965
81.705
75.7495
90.6665
82.8355
74.422
82.624
79.4805
85.00150000000001
82.863
86.4495
82.834
85.2465
77.64500000000001
80.852
78.837
82.1965
87.2365
81.773
76.331
81.053
85.56700000000001
70.01400000000001
72.898
76.04950000000001
